0,312
0,304
0,419
0,418
0,410
0,404
0,403
134,6
142,8
142,7
159,5
159,4
159,3
159,2
159,1
159,0
158,4
158,3
158,2
158,1
158,0
0,402
134,4
0,401
134,100
134,98
134,94
134,93
0,400
0,399
134,92
134,91
134,90
134,89
134,88
0,398
157,36
0,397
134,87
0,395
0,393
0,392
0,391
0,390
0,389
0,388
0,385
0,511
134,86
0,510
134,78
0,504
0,503
157,35
10,3
11,24
11,10
11,4
11,22
11,16
11,1
11,26
11,2
11,3
9,7
9,6
9,1
9,4
9,2
9,3
8,5
8,6
8,12
8,8
8,9
8,7
12,2
12,1
12,3
152,0
151,5
151,4
151,3
151,2
151,1
151,0
150,4
150,3
150,2
150,1
150,0
149,3
149,2
149,1
149,0
148,5
148,4
148,3
148,2
148,1
148,0
147,3
147,2
147,1
147,0
146,5
146,4
146,3
146,2
146,1
146,0
145,7
145,6
145,5
145,4
145,3
145,2
145,1
145,0
144,5
144,4
144,3
144,2
144,1
20,2
144,0
143,4
143,3
20,1
143,2
143,1
20,3
143,0
142,6
142,5
142,4
142,3
19,2
142,2
142,1
19,1
142,0
141,4
141,3
19,3
141,2
141,1
141,0
140,5
140,4
140,3
140,2
140,1
140,0
139,4
139,3
139,2
139,1
139,0
136,11
136,10
136,9
136,8
136,3
136,1
135,9
